0.000 0.014
0.280 0.017
0.497 0.019
0.717 0.019
0.932 0.019
1.143 0.019
1.340 0.019
1.535 0.020
1.737 0.020
1.957 0.020
2.156 0.021
2.372 0.022
2.567 0.022
2.778 0.023
2.962 0.023
3.154 0.023
3.372 0.023
3.532 0.023
3.700 0.023
3.868 0.023
4.047 0.023
4.234 0.023
4.378 0.023
4.548 0.023
4.712 0.023
4.883 0.023
5.052 0.023
5.199 0.023
5.337 0.023
5.486 0.023
5.645 0.023
5.795 0.023
5.961 0.023
6.107 0.023
6.245 0.023
6.392 0.023
6.524 0.023
6.673 0.023
6.848 0.023
7.008 0.023
7.145 0.023
7.306 0.023
7.446 0.023
7.597 0.023
7.731 0.023
7.862 0.023
7.983 0.023
8.126 0.023
8.269 0.023
8.398 0.023
8.516 0.023
8.640 0.023
8.775 0.023
8.901 0.023
9.035 0.023
9.165 0.023
9.327 0.023
9.448 0.023
9.580 0.023
9.732 0.023
9.873 0.023
10.061 0.023
10.259 0.023
10.429 0.023
10.595 0.023
10.754 0.023
10.911 0.023
11.050 0.023
11.204 0.023
11.347 0.023
11.481 0.023
11.645 0.023
11.767 0.023
11.890 0.023
12.032 0.023
12.166 0.023
12.297 0.023
12.447 0.023
12.607 0.023
12.725 0.023
12.856 0.023
12.973 0.023
13.132 0.023
13.296 0.023
13.453 0.023
13.609 0.023
13.759 0.023
13.909 0.023
14.069 0.023
14.201 0.023
14.335 0.023
14.484 0.023
14.607 0.023
14.753 0.023
14.911 0.023
15.062 0.023
15.175 0.023
15.308 0.023
15.437 0.023
15.583 0.023
15.719 0.023
