0.005 0.777 0.618 0.522 0.633 0.654 0.397 0.483 0.720 0.591 0.643 
0.008 0.777 0.672 0.585 0.673 0.641 0.413 0.508 0.715 0.594 0.658 
0.007 0.765 0.649 0.591 0.662 0.652 0.407 0.497 0.721 0.586 0.665 
0.006 0.764 0.622 0.509 0.639 0.657 0.405 0.493 0.772 0.587 0.669 
0.006 0.735 0.620 0.578 0.647 0.621 0.400 0.522 0.694 0.593 0.656 
0.006 0.763 0.613 0.550 0.647 0.677 0.384 0.487 0.745 0.587 0.680 
0.007 0.771 0.633 0.588 0.654 0.663 0.392 0.502 0.726 0.596 0.659 
0.007 0.764 0.626 0.542 0.661 0.679 0.399 0.522 0.716 0.607 0.660 
0.006 0.733 0.607 0.549 0.656 0.630 0.391 0.500 0.702 0.589 0.678 
0.008 0.769 0.635 0.580 0.642 0.721 0.397 0.509 0.716 0.608 0.671 
0.007 0.750 0.631 0.555 0.669 0.641 0.437 0.536 0.685 0.601 0.687 
0.007 0.788 0.629 0.562 0.642 0.687 0.394 0.501 0.738 0.602 0.652 
0.007 0.767 0.640 0.533 0.630 0.676 0.419 0.505 0.733 0.593 0.659 
0.008 0.773 0.621 0.559 0.642 0.727 0.410 0.517 0.761 0.601 0.657 
0.010 0.789 0.652 0.596 0.689 0.727 0.419 0.535 0.754 0.608 0.661 
0.007 0.797 0.665 0.558 0.654 0.665 0.390 0.515 0.726 0.598 0.658 
0.006 0.735 0.618 0.559 0.631 0.667 0.402 0.507 0.756 0.592 0.652 
0.008 0.781 0.647 0.576 0.659 0.716 0.378 0.512 0.734 0.617 0.665 
0.007 0.751 0.643 0.552 0.644 0.619 0.419 0.514 0.734 0.601 0.663 
0.006 0.745 0.626 0.567 0.654 0.665 0.395 0.501 0.699 0.602 0.651 
0.007 0.781 0.622 0.533 0.662 0.669 0.411 0.509 0.756 0.598 0.674 
0.008 0.766 0.636 0.579 0.661 0.684 0.404 0.537 0.717 0.607 0.676 
0.007 0.758 0.625 0.538 0.645 0.651 0.420 0.524 0.708 0.599 0.657 
0.007 0.759 0.625 0.548 0.644 0.655 0.416 0.521 0.750 0.606 0.663 
0.009 0.768 0.649 0.605 0.685 0.665 0.418 0.532 0.729 0.605 0.687 
0.006 0.746 0.612 0.568 0.660 0.653 0.397 0.501 0.699 0.588 0.661 
0.009 0.791 0.652 0.597 0.687 0.648 0.408 0.551 0.708 0.605 0.676 
0.010 0.785 0.663 0.594 0.662 0.732 0.415 0.525 0.746 0.612 0.680 
0.009 0.777 0.641 0.592 0.674 0.714 0.413 0.524 0.721 0.607 0.670 
0.005 0.740 0.604 0.521 0.644 0.591 0.392 0.501 0.684 0.590 0.669 
0.007 0.762 0.625 0.549 0.668 0.682 0.376 0.509 0.749 0.598 0.662 
0.009 0.799 0.652 0.601 0.680 0.718 0.389 0.494 0.749 0.603 0.673 
0.009 0.785 0.660 0.596 0.674 0.653 0.416 0.521 0.733 0.602 0.667 
0.007 0.751 0.622 0.575 0.655 0.613 0.394 0.538 0.716 0.601 0.667 
0.010 0.775 0.674 0.622 0.686 0.700 0.407 0.527 0.734 0.607 0.674 
0.007 0.738 0.639 0.539 0.635 0.674 0.425 0.514 0.713 0.596 0.651 
0.005 0.758 0.622 0.541 0.641 0.604 0.392 0.504 0.679 0.580 0.643 
0.009 0.759 0.639 0.560 0.660 0.686 0.442 0.540 0.728 0.611 0.687 
0.006 0.749 0.648 0.551 0.636 0.593 0.407 0.509 0.695 0.599 0.655 
0.007 0.745 0.644 0.587 0.659 0.603 0.432 0.513 0.705 0.591 0.654 
0.006 0.737 0.598 0.565 0.649 0.668 0.401 0.521 0.693 0.599 0.673 
0.005 0.728 0.611 0.555 0.629 0.629 0.384 0.492 0.704 0.590 0.635 
0.008 0.771 0.640 0.574 0.679 0.660 0.408 0.536 0.730 0.605 0.684 
0.006 0.770 0.641 0.550 0.650 0.646 0.378 0.507 0.726 0.600 0.654 
0.010 0.796 0.675 0.611 0.692 0.661 0.410 0.532 0.729 0.617 0.679 
0.005 0.728 0.621 0.542 0.624 0.616 0.426 0.503 0.671 0.582 0.646 
0.005 0.715 0.627 0.546 0.627 0.567 0.408 0.496 0.676 0.583 0.652 
0.011 0.802 0.695 0.621 0.695 0.715 0.407 0.522 0.740 0.609 0.664 
0.008 0.758 0.619 0.573 0.647 0.761 0.410 0.500 0.718 0.597 0.671 
0.009 0.781 0.647 0.572 0.690 0.689 0.396 0.550 0.738 0.614 0.675 
0.006 0.765 0.646 0.553 0.640 0.639 0.396 0.503 0.712 0.591 0.646 
0.007 0.766 0.617 0.554 0.636 0.718 0.388 0.495 0.744 0.601 0.636 
0.005 0.736 0.617 0.543 0.637 0.639 0.407 0.516 0.681 0.592 0.639 
0.005 0.718 0.605 0.532 0.646 0.626 0.390 0.495 0.689 0.590 0.658 
0.005 0.764 0.637 0.550 0.637 0.599 0.401 0.496 0.694 0.587 0.637 
0.005 0.730 0.617 0.539 0.639 0.622 0.401 0.506 0.664 0.602 0.670 
0.013 0.808 0.693 0.610 0.704 0.723 0.400 0.542 0.791 0.613 0.687 
0.009 0.782 0.637 0.572 0.665 0.680 0.412 0.520 0.759 0.602 0.676 
0.013 0.819 0.678 0.607 0.680 0.754 0.442 0.533 0.766 0.617 0.683 
0.006 0.747 0.605 0.555 0.669 0.648 0.383 0.509 0.720 0.595 0.670 
0.006 0.770 0.620 0.549 0.640 0.634 0.404 0.501 0.742 0.593 0.675 
0.008 0.767 0.619 0.557 0.676 0.733 0.394 0.513 0.715 0.605 0.673 
0.005 0.741 0.605 0.519 0.623 0.601 0.384 0.510 0.683 0.598 0.646 
0.006 0.771 0.619 0.537 0.662 0.670 0.358 0.502 0.745 0.600 0.655 
0.008 0.784 0.636 0.594 0.653 0.650 0.398 0.529 0.735 0.613 0.664 
0.009 0.786 0.637 0.584 0.665 0.732 0.423 0.528 0.707 0.598 0.671 
0.004 0.727 0.615 0.535 0.622 0.592 0.392 0.506 0.679 0.587 0.632 
0.010 0.773 0.633 0.615 0.671 0.725 0.400 0.522 0.747 0.616 0.683 
0.009 0.763 0.644 0.576 0.665 0.725 0.429 0.514 0.749 0.607 0.670 
0.008 0.753 0.646 0.592 0.670 0.633 0.415 0.531 0.723 0.590 0.667 
0.007 0.761 0.646 0.569 0.665 0.639 0.403 0.520 0.695 0.594 0.663 
0.008 0.754 0.646 0.581 0.657 0.661 0.431 0.533 0.692 0.601 0.671 
0.009 0.759 0.603 0.573 0.658 0.724 0.434 0.525 0.751 0.601 0.683 
0.014 0.816 0.673 0.624 0.675 0.787 0.422 0.535 0.787 0.625 0.688 
0.007 0.775 0.635 0.570 0.666 0.639 0.399 0.517 0.697 0.602 0.662 
0.010 0.794 0.651 0.562 0.667 0.741 0.414 0.526 0.755 0.605 0.696 
0.009 0.792 0.634 0.589 0.662 0.717 0.413 0.520 0.759 0.614 0.665 
0.008 0.785 0.642 0.565 0.672 0.703 0.417 0.514 0.740 0.597 0.664 
0.010 0.772 0.665 0.588 0.683 0.711 0.405 0.524 0.742 0.608 0.682 
0.009 0.777 0.632 0.568 0.663 0.728 0.418 0.522 0.751 0.603 0.691 
0.008 0.779 0.615 0.549 0.645 0.700 0.397 0.524 0.765 0.616 0.675 
0.006 0.762 0.633 0.557 0.657 0.610 0.392 0.502 0.706 0.593 0.664 
0.008 0.762 0.626 0.561 0.629 0.725 0.401 0.496 0.774 0.609 0.672 
0.008 0.764 0.630 0.584 0.643 0.713 0.422 0.511 0.751 0.597 0.675 
0.010 0.752 0.643 0.605 0.690 0.698 0.414 0.542 0.722 0.620 0.684 
0.006 0.750 0.636 0.554 0.671 0.633 0.397 0.521 0.695 0.596 0.657 
0.008 0.783 0.642 0.600 0.647 0.718 0.374 0.501 0.756 0.615 0.686 
0.005 0.746 0.618 0.551 0.638 0.630 0.374 0.507 0.691 0.600 0.635 
0.009 0.791 0.648 0.621 0.672 0.663 0.413 0.537 0.723 0.609 0.665 
0.007 0.763 0.625 0.560 0.665 0.653 0.417 0.527 0.697 0.601 0.656 
0.012 0.802 0.657 0.590 0.661 0.746 0.450 0.535 0.768 0.621 0.675 
0.007 0.762 0.624 0.527 0.648 0.669 0.427 0.526 0.695 0.608 0.676 
0.011 0.787 0.653 0.558 0.665 0.779 0.432 0.526 0.760 0.612 0.681 
0.005 0.733 0.616 0.533 0.645 0.591 0.413 0.516 0.664 0.597 0.639 
0.006 0.778 0.637 0.548 0.633 0.639 0.407 0.503 0.680 0.588 0.658 
0.006 0.756 0.615 0.533 0.644 0.664 0.403 0.505 0.717 0.607 0.651 
0.008 0.775 0.656 0.561 0.683 0.648 0.407 0.524 0.710 0.601 0.659 
0.005 0.748 0.602 0.524 0.632 0.651 0.405 0.502 0.705 0.595 0.656 
0.010 0.792 0.663 0.606 0.677 0.684 0.425 0.522 0.754 0.603 0.676 
0.007 0.735 0.644 0.549 0.647 0.641 0.413 0.516 0.719 0.606 0.689 
0.018 0.845 0.697 0.645 0.694 0.807 0.448 0.541 0.794 0.624 0.699 
0.015 0.824 0.673 0.608 0.691 0.791 0.448 0.557 0.775 0.619 0.694 
0.023 0.852 0.705 0.647 0.722 0.851 0.455 0.567 0.825 0.630 0.713 
0.017 0.836 0.694 0.630 0.720 0.803 0.433 0.555 0.793 0.624 0.690 
0.023 0.852 0.705 0.647 0.722 0.851 0.455 0.567 0.825 0.630 0.713 
0.023 0.852 0.705 0.647 0.722 0.851 0.455 0.567 0.825 0.630 0.713 
0.020 0.843 0.698 0.636 0.712 0.845 0.442 0.552 0.808 0.621 0.713 
0.018 0.826 0.698 0.634 0.718 0.796 0.447 0.561 0.797 0.625 0.702 
0.021 0.841 0.684 0.640 0.708 0.855 0.450 0.562 0.820 0.628 0.713 
0.023 0.852 0.705 0.647 0.722 0.851 0.455 0.567 0.825 0.630 0.713 
0.023 0.852 0.705 0.647 0.722 0.851 0.455 0.567 0.825 0.630 0.713 
0.020 0.836 0.697 0.643 0.707 0.836 0.449 0.570 0.809 0.629 0.706 
0.021 0.841 0.686 0.636 0.708 0.861 0.452 0.561 0.828 0.627 0.711 
0.020 0.834 0.694 0.644 0.725 0.808 0.442 0.577 0.790 0.634 0.713 
0.023 0.852 0.705 0.647 0.722 0.851 0.455 0.567 0.825 0.630 0.713 
0.023 0.852 0.705 0.647 0.722 0.851 0.455 0.567 0.825 0.630 0.713 
0.022 0.850 0.703 0.656 0.721 0.833 0.451 0.570 0.818 0.631 0.713 
0.023 0.852 0.705 0.647 0.722 0.851 0.455 0.567 0.825 0.630 0.713 
0.023 0.852 0.705 0.647 0.722 0.851 0.455 0.567 0.825 0.630 0.713 
0.022 0.855 0.716 0.649 0.725 0.839 0.448 0.560 0.816 0.628 0.707 
0.021 0.859 0.707 0.649 0.722 0.826 0.451 0.560 0.815 0.622 0.711 
0.022 0.854 0.710 0.645 0.727 0.827 0.453 0.565 0.815 0.624 0.718 
0.019 0.841 0.705 0.639 0.722 0.825 0.446 0.552 0.793 0.615 0.716 
0.018 0.826 0.698 0.634 0.718 0.796 0.447 0.561 0.797 0.625 0.702 
0.020 0.839 0.700 0.641 0.717 0.850 0.448 0.554 0.802 0.622 0.711 
0.021 0.844 0.699 0.640 0.721 0.833 0.448 0.567 0.799 0.634 0.710 
0.021 0.842 0.703 0.645 0.726 0.821 0.451 0.571 0.801 0.631 0.710 
0.020 0.838 0.690 0.630 0.705 0.840 0.462 0.559 0.811 0.630 0.708 
0.021 0.856 0.704 0.644 0.721 0.842 0.441 0.556 0.821 0.625 0.716 
0.016 0.828 0.678 0.602 0.690 0.793 0.446 0.556 0.789 0.623 0.698 
0.023 0.852 0.705 0.647 0.722 0.851 0.455 0.567 0.825 0.630 0.713 
0.023 0.852 0.705 0.647 0.722 0.851 0.455 0.567 0.825 0.630 0.713 
0.020 0.859 0.708 0.639 0.729 0.826 0.437 0.555 0.810 0.624 0.703 
0.023 0.852 0.705 0.647 0.722 0.851 0.455 0.567 0.825 0.630 0.713 
0.023 0.852 0.705 0.647 0.722 0.851 0.455 0.567 0.825 0.630 0.713 
0.020 0.835 0.683 0.637 0.707 0.839 0.448 0.563 0.818 0.626 0.710 
0.023 0.852 0.705 0.647 0.722 0.851 0.455 0.567 0.825 0.630 0.713 
0.023 0.852 0.705 0.647 0.722 0.851 0.455 0.567 0.825 0.630 0.713 
0.021 0.839 0.695 0.637 0.709 0.833 0.464 0.558 0.811 0.627 0.711 
0.016 0.828 0.678 0.602 0.690 0.793 0.446 0.556 0.789 0.623 0.698 
0.023 0.852 0.705 0.647 0.722 0.851 0.455 0.567 0.825 0.630 0.713 
0.023 0.852 0.705 0.647 0.722 0.851 0.455 0.567 0.825 0.630 0.713 
0.022 0.849 0.708 0.650 0.721 0.822 0.459 0.567 0.811 0.628 0.715 
0.023 0.852 0.705 0.647 0.722 0.851 0.455 0.567 0.825 0.630 0.713 
0.020 0.836 0.694 0.640 0.714 0.812 0.455 0.562 0.813 0.628 0.700 
0.019 0.824 0.709 0.656 0.701 0.793 0.455 0.561 0.795 0.627 0.692 
0.019 0.832 0.697 0.640 0.717 0.812 0.447 0.558 0.796 0.626 0.701 
0.023 0.852 0.705 0.647 0.722 0.851 0.455 0.567 0.825 0.630 0.713 
0.020 0.842 0.709 0.645 0.717 0.843 0.452 0.552 0.797 0.627 0.703 
0.018 0.850 0.699 0.648 0.710 0.791 0.433 0.554 0.788 0.623 0.689 
0.021 0.834 0.702 0.653 0.708 0.819 0.462 0.563 0.802 0.629 0.709 
0.021 0.837 0.687 0.635 0.714 0.851 0.453 0.565 0.814 0.627 0.717 
0.023 0.852 0.705 0.647 0.722 0.851 0.455 0.567 0.825 0.630 0.713 
0.023 0.852 0.705 0.647 0.722 0.851 0.455 0.567 0.825 0.630 0.713 
0.023 0.852 0.705 0.647 0.722 0.851 0.455 0.567 0.825 0.630 0.713 
0.023 0.852 0.705 0.647 0.722 0.851 0.455 0.567 0.825 0.630 0.713 
0.023 0.852 0.705 0.647 0.722 0.851 0.455 0.567 0.825 0.630 0.713 
0.021 0.844 0.704 0.649 0.713 0.845 0.451 0.559 0.817 0.629 0.712 
0.023 0.852 0.705 0.647 0.722 0.851 0.455 0.567 0.825 0.630 0.713 
0.021 0.856 0.704 0.644 0.721 0.842 0.441 0.556 0.821 0.625 0.716 
0.023 0.852 0.705 0.647 0.722 0.851 0.455 0.567 0.825 0.630 0.713 
0.021 0.833 0.695 0.635 0.714 0.830 0.470 0.563 0.805 0.628 0.716 
0.021 0.842 0.700 0.645 0.724 0.822 0.446 0.571 0.802 0.630 0.711 
0.023 0.852 0.705 0.647 0.722 0.851 0.455 0.567 0.825 0.630 0.713 
0.021 0.838 0.699 0.646 0.709 0.830 0.471 0.558 0.807 0.629 0.711 
0.022 0.860 0.710 0.646 0.723 0.830 0.447 0.559 0.821 0.623 0.713 
0.019 0.838 0.694 0.630 0.715 0.829 0.454 0.553 0.800 0.628 0.701 
0.023 0.852 0.705 0.647 0.722 0.851 0.455 0.567 0.825 0.630 0.713 
0.021 0.859 0.722 0.651 0.729 0.821 0.445 0.551 0.804 0.623 0.708 
0.023 0.852 0.705 0.647 0.722 0.851 0.455 0.567 0.825 0.630 0.713 
0.020 0.839 0.699 0.639 0.704 0.842 0.444 0.556 0.809 0.629 0.715 
0.022 0.855 0.711 0.650 0.725 0.834 0.452 0.558 0.813 0.626 0.714 
0.023 0.852 0.705 0.647 0.722 0.851 0.455 0.567 0.825 0.630 0.713 
0.023 0.852 0.705 0.647 0.722 0.851 0.455 0.567 0.825 0.630 0.713 
0.023 0.852 0.705 0.647 0.722 0.851 0.455 0.567 0.825 0.630 0.713 
0.023 0.852 0.705 0.647 0.722 0.851 0.455 0.567 0.825 0.630 0.713 
0.023 0.852 0.705 0.647 0.722 0.851 0.455 0.567 0.825 0.630 0.713 
0.023 0.852 0.705 0.647 0.722 0.851 0.455 0.567 0.825 0.630 0.713 
0.021 0.838 0.699 0.646 0.709 0.830 0.471 0.558 0.807 0.629 0.711 
0.019 0.832 0.697 0.642 0.719 0.812 0.448 0.561 0.798 0.624 0.698 
0.023 0.852 0.705 0.647 0.722 0.851 0.455 0.567 0.825 0.630 0.713 
0.023 0.852 0.705 0.647 0.722 0.851 0.455 0.567 0.825 0.630 0.713 
0.023 0.852 0.705 0.647 0.722 0.851 0.455 0.567 0.825 0.630 0.713 
0.020 0.835 0.683 0.637 0.707 0.839 0.448 0.563 0.818 0.626 0.710 
0.023 0.852 0.705 0.647 0.722 0.851 0.455 0.567 0.825 0.630 0.713 
0.021 0.839 0.695 0.637 0.709 0.833 0.464 0.558 0.811 0.627 0.711 
0.023 0.852 0.705 0.647 0.722 0.851 0.455 0.567 0.825 0.630 0.713 
0.019 0.838 0.694 0.630 0.715 0.829 0.454 0.553 0.800 0.628 0.701 
0.021 0.853 0.703 0.631 0.717 0.852 0.449 0.559 0.811 0.631 0.704 
0.021 0.856 0.704 0.644 0.721 0.842 0.441 0.556 0.821 0.625 0.716 
0.023 0.852 0.705 0.647 0.722 0.851 0.455 0.567 0.825 0.630 0.713 
0.016 0.831 0.676 0.602 0.697 0.802 0.457 0.554 0.798 0.619 0.695 
0.022 0.854 0.710 0.645 0.727 0.827 0.453 0.565 0.815 0.624 0.718 
0.023 0.852 0.705 0.647 0.722 0.851 0.455 0.567 0.825 0.630 0.713 
0.021 0.837 0.687 0.635 0.714 0.851 0.453 0.565 0.814 0.627 0.717 
0.022 0.840 0.716 0.657 0.709 0.842 0.460 0.568 0.820 0.631 0.705 
0.019 0.829 0.706 0.644 0.708 0.806 0.453 0.562 0.812 0.626 0.694 
0.023 0.852 0.705 0.647 0.722 0.851 0.455 0.567 0.825 0.630 0.713 
0.015 0.824 0.686 0.622 0.697 0.789 0.431 0.535 0.796 0.619 0.700 
0.023 0.852 0.705 0.647 0.722 0.851 0.455 0.567 0.825 0.630 0.713 
21 23 39 43 49 64 65 84 88 102 
7 8 9 10 63 69 84 93 95 102 
7 8 9 10 14 21 62 67 84 86 
9 23 40 43 47 48 69 83 88 102 
23 31 32 40 42 62 65 69 84 85 
6 9 14 31 49 62 65 85 88 93 
14 48 49 63 65 66 69 73 86 93 
23 32 47 64 69 72 82 85 90 92 
14 32 41 43 48 63 69 83 93 102 
3 21 31 39 41 49 65 72 73 92 
6 31 32 42 43 72 83 84 85 102 
23 47 62 64 65 67 68 73 86 88 
6 10 21 39 43 47 48 73 84 93 
23 31 47 48 62 65 84 88 92 93 
7 23 42 62 64 66 69 92 95 102 
7 8 10 42 43 49 65 72 82 93 
10 14 21 40 47 62 69 73 82 102 
3 42 43 49 64 65 68 82 92 93 
10 21 43 49 66 73 82 85 86 95 
14 47 63 64 67 68 69 86 92 95 
6 9 40 43 62 64 66 73 88 102 
7 32 48 49 69 72 73 86 92 95 
23 39 40 49 62 64 66 72 85 95 
9 40 47 48 62 66 68 84 86 88 
3 23 31 32 42 43 84 85 90 93 
14 40 41 63 69 82 84 86 88 90 
7 8 32 62 69 72 82 84 90 95 
3 6 10 32 39 48 49 65 83 88 
3 39 42 62 65 82 83 88 90 92 
9 31 32 43 48 62 63 64 72 95 
14 41 47 48 49 64 66 69 83 93 
3 9 14 63 65 66 69 82 88 93 
3 8 21 31 39 47 67 73 90 95 
7 21 31 32 40 62 66 67 68 93 
3 7 9 10 32 42 48 69 84 95 
10 23 31 40 42 47 63 72 82 85 
7 31 39 40 48 65 67 83 86 88 
23 42 43 62 66 68 72 83 85 92 
9 10 40 65 66 68 69 72 83 85 
10 21 67 69 73 84 85 90 95 102 
14 31 32 41 47 62 63 67 72 84 
10 14 31 40 49 63 64 65 73 102 
6 7 31 32 48 68 85 88 90 95 
7 10 23 32 43 49 64 65 85 95 
3 8 21 32 43 65 66 84 85 93 
10 14 39 40 42 43 48 72 84 86 
9 10 31 40 42 67 68 83 86 93 
3 7 8 10 21 64 73 82 86 95 
6 14 23 40 41 42 65 83 86 92 
7 8 32 41 42 47 62 66 82 83 
7 10 39 48 49 65 73 85 86 88 
10 14 23 47 64 65 73 82 90 92 
39 40 42 47 67 69 73 84 92 93 
14 40 43 49 63 64 67 85 86 92 
8 21 31 39 48 65 69 82 95 102 
9 32 63 67 68 69 72 82 85 92 
3 7 8 40 47 49 69 83 86 88 
7 23 49 67 68 73 85 88 90 102 
3 6 21 39 47 66 67 69 72 102 
21 32 41 42 49 62 64 73 88 90 
9 14 23 40 43 66 68 69 72 90 
6 8 14 32 41 64 73 82 88 92 
32 39 40 47 65 68 73 83 88 93 
7 14 43 47 49 64 65 85 90 92 
23 32 49 65 66 68 69 84 90 93 
7 23 42 62 63 67 72 73 82 84 
10 23 31 32 39 40 64 69 73 82 
3 21 32 41 62 65 90 92 93 102 
6 10 14 41 47 63 66 67 85 102 
7 10 31 42 48 62 73 83 86 90 
7 8 10 32 39 41 62 63 67 88 
3 10 32 39 40 67 72 73 83 88 
14 23 32 48 62 72 88 90 92 102 
3 6 47 48 62 65 68 84 86 88 
7 31 41 64 68 72 86 90 95 102 
6 7 21 48 49 68 72 73 83 88 
6 14 42 47 65 66 68 73 90 102 
6 14 39 42 47 66 69 88 93 95 
3 47 48 63 69 73 82 83 85 93 
6 14 21 49 62 66 72 82 85 93 
6 32 43 47 49 65 73 90 92 102 
21 31 41 43 63 65 66 69 83 95 
3 9 14 23 39 40 47 49 68 102 
6 10 14 49 62 67 82 86 93 102 
3 32 40 41 63 66 85 90 92 93 
7 40 49 64 83 84 85 86 93 102 
3 9 23 32 41 49 65 68 69 73 
10 31 32 41 47 64 65 73 84 93 
3 31 39 62 65 66 73 84 90 93 
14 32 39 42 47 66 69 72 84 88 
6 23 47 66 68 84 86 93 95 102 
6 21 32 39 43 66 72 82 85 92 
6 8 23 47 48 63 73 82 83 92 
31 39 40 43 63 64 66 84 86 92 
6 39 40 42 43 65 69 72 73 86 
9 48 64 66 68 73 82 92 93 102 
7 10 21 32 64 66 72 85 88 93 
9 14 31 39 47 66 72 73 92 93 
7 8 21 23 42 62 68 86 90 102 
6 10 21 32 43 49 63 68 83 85 
3 6 8 21 23 62 65 66 72 95 
6 7 8 23 62 66 72 73 92 95 
3 6 7 8 23 62 66 72 88 92 
3 7 8 23 62 64 66 72 88 92 
3 6 7 8 23 62 66 72 88 92 
3 6 7 8 23 62 66 72 88 92 
3 6 7 8 23 62 72 88 92 93 
3 7 8 23 62 66 72 85 88 92 
3 6 7 23 62 66 72 73 88 92 
3 6 7 8 23 62 66 72 88 92 
3 6 7 8 23 62 66 72 88 92 
3 6 7 8 23 40 62 66 72 92 
3 6 7 23 48 62 66 72 88 92 
3 6 7 8 32 62 66 72 88 92 
3 6 7 8 23 62 66 72 88 92 
3 6 7 8 23 62 66 72 88 92 
3 6 7 8 23 62 66 72 90 92 
3 6 7 8 23 62 66 72 88 92 
3 6 7 8 23 62 66 72 88 92 
3 6 7 8 23 66 69 72 88 92 
3 6 7 8 23 62 66 67 72 88 
3 6 7 8 23 62 66 72 83 88 
3 6 7 8 23 42 62 72 83 88 
3 7 8 23 62 66 72 85 88 92 
3 6 7 8 23 42 62 72 88 92 
3 6 7 8 23 32 66 72 88 92 
3 6 7 8 62 66 72 88 92 95 
3 6 8 23 62 66 72 82 88 92 
3 6 7 8 23 41 62 66 72 88 
6 7 8 23 62 66 68 72 88 92 
3 6 7 8 23 62 66 72 88 92 
3 6 7 8 23 62 66 72 88 92 
3 6 7 8 23 62 64 66 72 88 
3 6 7 8 23 62 66 72 88 92 
3 6 7 8 23 62 66 72 88 92 
3 6 7 23 31 62 66 72 88 92 
3 6 7 8 23 62 66 72 88 92 
3 6 7 8 23 62 66 72 88 92 
3 6 8 23 62 66 72 88 92 93 
6 7 8 23 62 66 68 72 88 92 
3 6 7 8 23 62 66 72 88 92 
3 6 7 8 23 62 66 72 88 92 
3 6 7 8 23 62 66 72 83 102 
3 6 7 8 23 62 66 72 88 92 
3 7 8 23 62 66 72 88 92 102 
3 7 8 10 23 62 66 72 86 92 
3 7 8 23 62 63 66 72 88 92 
3 6 7 8 23 62 66 72 88 92 
3 6 7 8 21 23 42 66 72 92 
3 7 8 23 62 65 66 72 84 88 
3 6 8 23 62 66 69 72 92 95 
3 6 7 23 62 66 72 83 88 92 
3 6 7 8 23 62 66 72 88 92 
3 6 7 8 23 62 66 72 88 92 
3 6 7 8 23 62 66 72 88 92 
3 6 7 8 23 62 66 72 88 92 
3 6 7 8 23 62 66 72 88 92 
3 6 7 8 21 23 62 66 72 92 
3 6 7 8 23 62 66 72 88 92 
3 6 7 8 23 41 62 66 72 88 
3 6 7 8 23 62 66 72 88 92 
3 6 8 23 62 66 72 83 88 92 
3 6 7 8 62 66 72 73 88 92 
3 6 7 8 23 62 66 72 88 92 
3 6 8 23 62 66 72 86 88 92 
3 6 7 8 23 62 66 72 88 93 
3 6 8 23 62 64 66 72 88 92 
3 6 7 8 23 62 66 72 88 92 
3 6 7 8 23 63 66 69 72 88 
3 6 7 8 23 62 66 72 88 92 
3 6 7 8 23 62 68 72 88 92 
3 6 7 8 23 62 63 66 72 88 
3 6 7 8 23 62 66 72 88 92 
3 6 7 8 23 62 66 72 88 92 
3 6 7 8 23 62 66 72 88 92 
3 6 7 8 23 62 66 72 88 92 
3 6 7 8 23 62 66 72 88 92 
3 6 7 8 23 62 66 72 88 92 
3 6 8 23 62 66 72 86 88 92 
3 7 8 23 42 62 66 72 88 92 
3 6 7 8 23 62 66 72 88 92 
3 6 7 8 23 62 66 72 88 92 
3 6 7 8 23 62 66 72 88 92 
3 6 7 23 31 62 66 72 88 92 
3 6 7 8 23 62 66 72 88 92 
3 6 8 23 62 66 72 88 92 93 
3 6 7 8 23 62 66 72 88 92 
3 6 8 23 62 64 66 72 88 92 
3 6 7 8 23 66 72 82 88 92 
3 6 7 8 23 41 62 66 72 88 
3 6 7 8 23 62 66 72 88 92 
6 7 8 23 62 66 72 88 92 102 
3 6 7 8 23 62 66 72 83 88 
3 6 7 8 23 62 66 72 88 92 
3 6 7 23 62 66 72 83 88 92 
3 6 7 8 10 23 62 66 72 92 
3 7 8 10 23 62 66 72 88 92 
3 6 7 8 23 62 66 72 88 92 
3 7 8 9 21 23 62 66 72 92 
3 6 7 8 23 62 66 72 88 92 
